version https://git-lfs.github.com/spec/v1
oid sha256:6b984bf7afe1778547864d5777ee8db95a62d3a0c9554cf38a406fdfa557df9f
size 8153
