version https://git-lfs.github.com/spec/v1
oid sha256:dc0fec1a85e5c60cd023a1e7fd1ab0e743cef7b0e10e984502ec1f7f699fd1af
size 4165
